2 0 1 1
2 2 2 3
2 0 0 2
3 2 3 1
8 1 2 1
13 1 0 0
12 0 1 1
2 3 1 3
2 2 0 0
2 3 3 2
9 0 2 2
8 2 3 2
13 2 1 1
12 1 3 3
2 2 3 1
2 3 3 0
2 1 2 2
7 0 1 1
8 1 2 1
8 1 1 1
13 3 1 3
12 3 1 1
8 0 0 2
15 2 0 2
2 1 2 0
2 2 3 3
8 0 2 0
8 0 1 0
13 1 0 1
2 1 0 0
2 0 2 3
2 2 0 2
6 2 3 2
8 2 3 2
13 2 1 1
12 1 2 3
8 1 0 2
15 2 2 2
2 2 3 1
12 0 2 1
8 1 2 1
13 1 3 3
12 3 3 2
8 0 0 0
15 0 2 0
2 0 1 1
2 2 0 3
4 0 3 3
8 3 3 3
13 2 3 2
12 2 3 3
2 1 1 1
2 2 2 2
10 1 0 0
8 0 1 0
13 0 3 3
12 3 0 2
2 2 0 0
2 1 3 3
11 0 3 0
8 0 2 0
13 2 0 2
12 2 3 3
2 1 0 0
2 1 1 2
13 1 0 2
8 2 2 2
13 2 3 3
2 0 0 1
2 3 0 2
15 0 1 2
8 2 3 2
8 2 2 2
13 2 3 3
12 3 0 1
2 2 3 0
2 0 0 3
2 3 3 2
5 0 2 0
8 0 2 0
13 1 0 1
12 1 2 3
2 1 0 0
2 1 3 2
8 0 0 1
15 1 0 1
15 0 1 1
8 1 1 1
13 1 3 3
12 3 0 1
8 1 0 2
15 2 3 2
2 2 0 3
8 3 0 0
15 0 2 0
4 0 3 2
8 2 2 2
13 2 1 1
12 1 0 2
8 1 0 1
15 1 1 1
2 1 3 0
10 1 3 3
8 3 1 3
13 2 3 2
12 2 2 0
2 0 1 2
2 2 2 3
2 2 1 1
3 2 3 1
8 1 3 1
13 0 1 0
12 0 1 1
2 3 2 0
2 0 2 3
9 2 0 0
8 0 2 0
8 0 3 0
13 1 0 1
12 1 0 2
2 0 1 0
2 0 2 1
8 3 0 3
15 3 2 3
2 3 0 0
8 0 1 0
8 0 1 0
13 0 2 2
12 2 0 3
2 0 0 2
2 3 0 0
9 2 0 2
8 2 2 2
8 2 2 2
13 2 3 3
12 3 3 1
8 2 0 3
15 3 2 3
2 1 2 0
2 1 3 2
13 0 0 2
8 2 3 2
13 2 1 1
2 2 2 2
2 2 2 0
4 0 3 3
8 3 2 3
13 3 1 1
12 1 3 0
2 1 0 2
8 3 0 1
15 1 3 1
8 1 0 3
15 3 1 3
15 3 1 2
8 2 1 2
8 2 3 2
13 2 0 0
12 0 1 1
2 3 2 2
2 1 1 0
2 0 3 3
8 0 2 0
8 0 3 0
13 0 1 1
12 1 3 0
2 2 0 3
2 1 1 1
8 1 0 2
15 2 0 2
3 2 3 1
8 1 1 1
13 0 1 0
12 0 0 1
8 1 0 3
15 3 1 3
2 2 0 0
2 2 3 2
11 0 3 3
8 3 2 3
8 3 3 3
13 3 1 1
12 1 1 2
2 2 0 1
2 2 0 3
2 1 2 0
13 0 0 1
8 1 1 1
13 2 1 2
12 2 3 0
2 2 2 1
2 0 1 2
2 1 0 3
8 3 2 1
8 1 2 1
13 0 1 0
12 0 1 2
2 2 3 0
2 0 0 1
2 2 0 3
4 0 3 0
8 0 1 0
13 0 2 2
12 2 3 3
2 2 0 2
2 1 0 0
12 0 2 0
8 0 1 0
8 0 2 0
13 3 0 3
12 3 3 2
2 2 0 0
2 1 3 3
2 1 1 1
11 0 3 3
8 3 3 3
8 3 3 3
13 2 3 2
12 2 0 0
2 0 3 3
2 2 2 2
14 3 2 3
8 3 2 3
13 0 3 0
12 0 0 1
2 2 2 0
2 2 2 3
2 3 1 2
9 0 2 0
8 0 3 0
13 0 1 1
8 2 0 0
15 0 2 0
2 0 2 2
3 2 3 3
8 3 3 3
13 3 1 1
2 1 0 2
2 0 2 3
2 3 0 0
0 0 2 0
8 0 3 0
8 0 3 0
13 0 1 1
2 1 0 0
2 3 1 3
8 3 0 2
15 2 2 2
12 0 2 2
8 2 2 2
13 2 1 1
12 1 3 3
2 2 3 0
2 1 3 1
2 1 1 2
10 1 0 2
8 2 1 2
13 3 2 3
12 3 0 2
8 1 0 3
15 3 3 3
7 3 0 0
8 0 2 0
13 2 0 2
12 2 2 0
2 2 1 2
2 0 2 1
8 1 0 3
15 3 1 3
13 3 3 1
8 1 3 1
13 1 0 0
12 0 1 2
2 2 2 1
2 0 0 3
2 3 0 0
5 1 0 3
8 3 2 3
8 3 2 3
13 3 2 2
12 2 1 0
2 1 1 3
2 3 2 1
2 2 0 2
1 2 1 2
8 2 2 2
8 2 3 2
13 2 0 0
12 0 1 2
8 2 0 3
15 3 2 3
8 2 0 0
15 0 2 0
2 2 3 1
4 0 3 1
8 1 3 1
8 1 1 1
13 2 1 2
2 2 1 1
8 0 0 0
15 0 3 0
2 1 0 3
5 1 0 1
8 1 2 1
13 2 1 2
2 0 0 3
2 2 1 1
6 1 3 3
8 3 3 3
13 2 3 2
12 2 2 1
2 1 1 3
2 2 1 0
8 1 0 2
15 2 3 2
8 3 2 0
8 0 1 0
13 0 1 1
12 1 1 0
2 0 2 1
2 0 3 3
2 1 2 1
8 1 2 1
13 0 1 0
12 0 3 1
8 0 0 2
15 2 1 2
8 0 0 3
15 3 1 3
2 3 3 0
13 3 3 3
8 3 2 3
13 1 3 1
2 2 0 3
2 2 3 0
4 0 3 3
8 3 1 3
13 3 1 1
12 1 3 3
2 1 1 1
10 1 0 0
8 0 2 0
13 3 0 3
12 3 0 2
2 1 2 3
2 2 0 0
2 0 3 1
15 3 1 3
8 3 2 3
8 3 2 3
13 3 2 2
12 2 3 1
2 1 1 3
2 2 0 2
2 1 2 0
12 0 2 2
8 2 1 2
8 2 3 2
13 1 2 1
12 1 3 3
2 0 0 2
8 0 0 1
15 1 1 1
13 0 0 0
8 0 1 0
13 3 0 3
12 3 2 2
8 3 0 3
15 3 3 3
2 3 3 0
2 2 1 1
2 1 3 1
8 1 1 1
13 1 2 2
12 2 0 3
8 3 0 0
15 0 1 0
2 1 3 1
2 0 1 2
8 0 2 2
8 2 2 2
13 3 2 3
12 3 1 0
2 1 3 2
2 3 0 1
2 2 3 3
7 1 3 1
8 1 1 1
13 1 0 0
12 0 1 3
2 2 2 1
2 2 2 2
2 1 0 0
12 0 2 0
8 0 3 0
13 3 0 3
12 3 0 1
2 2 3 0
8 1 0 2
15 2 3 2
2 3 0 3
7 3 0 0
8 0 2 0
13 1 0 1
12 1 1 2
2 3 1 1
2 2 2 0
2 1 3 3
7 1 0 3
8 3 1 3
13 3 2 2
8 2 0 1
15 1 2 1
8 2 0 3
15 3 0 3
2 3 0 0
8 0 2 0
13 0 2 2
12 2 1 0
2 2 2 3
2 0 3 2
2 0 0 1
3 2 3 3
8 3 1 3
13 0 3 0
8 3 0 1
15 1 3 1
2 3 1 3
2 3 3 2
0 3 2 1
8 1 1 1
13 1 0 0
2 1 3 3
2 2 1 1
5 1 2 3
8 3 1 3
13 3 0 0
12 0 1 1
2 3 2 0
8 1 0 3
15 3 2 3
8 1 0 2
15 2 1 2
0 0 2 3
8 3 3 3
13 3 1 1
12 1 1 0
2 2 1 2
2 0 2 3
2 2 1 1
14 3 2 1
8 1 2 1
13 1 0 0
12 0 3 1
2 1 0 0
8 2 0 3
15 3 2 3
2 1 1 2
10 0 3 0
8 0 3 0
13 1 0 1
2 0 0 0
2 2 3 2
6 2 3 3
8 3 2 3
13 1 3 1
2 0 1 2
2 1 3 3
2 1 2 0
13 0 0 2
8 2 2 2
13 1 2 1
12 1 1 2
8 0 0 1
15 1 3 1
2 2 0 0
11 0 3 1
8 1 3 1
13 2 1 2
12 2 1 1
2 1 1 2
2 2 0 3
4 0 3 2
8 2 2 2
8 2 3 2
13 1 2 1
2 3 3 0
2 2 0 2
1 2 0 0
8 0 1 0
8 0 1 0
13 1 0 1
12 1 2 0
2 1 3 1
2 0 2 3
8 0 0 2
15 2 3 2
2 2 3 2
8 2 3 2
8 2 3 2
13 0 2 0
2 0 0 2
2 2 3 3
2 2 1 1
6 1 3 1
8 1 1 1
13 1 0 0
12 0 3 2
2 2 1 0
2 3 2 1
4 0 3 1
8 1 1 1
13 1 2 2
12 2 0 3
2 0 3 1
2 3 0 2
5 0 2 0
8 0 3 0
8 0 1 0
13 0 3 3
12 3 1 2
8 0 0 3
15 3 2 3
2 1 0 1
2 0 0 0
10 1 3 0
8 0 2 0
13 2 0 2
12 2 3 0
8 1 0 1
15 1 3 1
2 0 0 3
2 0 1 2
0 1 2 3
8 3 1 3
13 0 3 0
12 0 3 2
2 0 1 1
8 0 0 0
15 0 1 0
2 0 0 3
13 0 0 3
8 3 1 3
13 3 2 2
12 2 0 1
8 3 0 3
15 3 2 3
2 2 1 0
2 3 1 2
4 0 3 0
8 0 1 0
13 0 1 1
8 3 0 3
15 3 0 3
2 3 0 0
0 0 2 2
8 2 1 2
13 2 1 1
12 1 2 3
8 1 0 1
15 1 3 1
2 0 0 2
9 2 0 2
8 2 2 2
8 2 3 2
13 3 2 3
12 3 0 2
2 2 3 0
8 3 0 3
15 3 2 3
7 1 0 3
8 3 2 3
13 2 3 2
12 2 2 3
2 2 2 1
2 1 1 0
2 0 1 2
8 0 2 2
8 2 2 2
13 3 2 3
12 3 3 0
2 1 2 3
8 0 0 1
15 1 0 1
2 0 3 2
8 3 2 1
8 1 2 1
13 1 0 0
12 0 1 3
2 0 1 1
2 2 3 0
2 3 0 2
5 0 2 1
8 1 2 1
13 1 3 3
12 3 3 0
2 1 1 3
2 0 3 2
2 3 1 1
8 3 2 2
8 2 2 2
13 2 0 0
12 0 1 1
2 3 3 3
2 3 3 0
2 1 1 2
0 3 2 0
8 0 3 0
13 1 0 1
12 1 3 2
2 1 1 0
2 2 2 3
2 0 3 1
13 0 0 3
8 3 2 3
13 2 3 2
12 2 3 1
2 3 1 3
2 3 1 0
2 3 0 2
0 3 2 3
8 3 2 3
8 3 1 3
13 1 3 1
2 1 2 3
8 3 0 0
15 0 2 0
11 0 3 3
8 3 2 3
13 1 3 1
12 1 1 0
2 2 2 2
8 3 0 3
15 3 0 3
2 2 1 1
2 3 2 1
8 1 3 1
13 1 0 0
2 3 1 2
2 1 0 3
8 2 0 1
15 1 3 1
15 3 1 1
8 1 2 1
13 0 1 0
12 0 3 1
8 2 0 0
15 0 1 0
8 3 2 3
8 3 1 3
13 3 1 1
12 1 1 3
2 2 1 2
2 3 3 0
2 2 0 1
7 0 1 2
8 2 3 2
8 2 1 2
13 3 2 3
12 3 2 1
2 0 0 2
2 1 2 3
0 0 2 2
8 2 1 2
13 2 1 1
2 0 0 3
2 1 0 0
2 2 1 2
12 0 2 3
8 3 1 3
8 3 1 3
13 3 1 1
12 1 1 3
8 2 0 1
15 1 0 1
12 0 2 1
8 1 1 1
13 3 1 3
12 3 1 1
2 3 1 3
2 3 1 0
2 0 2 2
9 2 0 0
8 0 3 0
13 1 0 1
12 1 0 3
2 3 1 2
8 2 0 0
15 0 2 0
2 3 1 1
2 2 1 2
8 2 1 2
13 3 2 3
2 0 0 2
2 3 1 0
9 2 0 0
8 0 2 0
13 3 0 3
12 3 3 2
2 3 0 3
2 0 3 1
2 1 1 0
13 0 0 0
8 0 1 0
8 0 1 0
13 0 2 2
12 2 2 1
2 1 2 3
2 0 3 2
8 3 0 0
15 0 2 0
11 0 3 0
8 0 1 0
13 1 0 1
2 2 2 3
2 1 3 0
2 3 2 2
8 0 2 0
8 0 3 0
8 0 3 0
13 1 0 1
12 1 3 0
2 0 3 3
2 2 3 2
2 0 2 1
14 3 2 2
8 2 1 2
8 2 3 2
13 0 2 0
12 0 2 1
8 1 0 3
15 3 1 3
2 1 0 2
2 3 0 0
0 0 2 2
8 2 3 2
13 1 2 1
12 1 0 3
2 0 2 1
2 1 3 2
2 0 2 0
2 2 0 0
8 0 2 0
13 3 0 3
12 3 2 1
2 2 1 2
2 2 2 3
2 3 0 0
1 2 0 2
8 2 1 2
8 2 2 2
13 1 2 1
12 1 2 3
2 3 2 2
2 2 2 0
2 3 1 1
5 0 2 1
8 1 3 1
8 1 2 1
13 1 3 3
12 3 3 2
2 3 3 1
2 0 2 3
1 0 1 1
8 1 1 1
13 2 1 2
12 2 1 1
2 0 2 2
2 1 2 0
2 1 3 3
13 3 0 3
8 3 2 3
8 3 1 3
13 1 3 1
12 1 3 0
8 3 0 1
15 1 0 1
2 2 3 3
2 2 3 2
2 3 2 1
8 1 2 1
13 0 1 0
12 0 3 1
2 1 1 3
2 2 2 0
11 0 3 0
8 0 2 0
13 0 1 1
12 1 2 0
2 2 2 3
2 2 1 1
6 1 3 3
8 3 3 3
13 3 0 0
12 0 0 3
8 3 0 0
15 0 2 0
2 3 0 1
1 0 1 0
8 0 1 0
13 0 3 3
12 3 2 2
2 2 0 3
8 0 0 0
15 0 2 0
4 0 3 0
8 0 3 0
13 0 2 2
12 2 1 0
8 3 0 3
15 3 1 3
8 2 0 2
15 2 0 2
15 3 1 1
8 1 1 1
13 0 1 0
2 3 3 1
8 3 2 1
8 1 1 1
13 1 0 0
12 0 1 2
8 2 0 0
15 0 2 0
2 0 2 1
11 0 3 3
8 3 1 3
13 2 3 2
12 2 3 1
8 0 0 3
15 3 0 3
2 3 1 2
5 0 2 3
8 3 2 3
8 3 3 3
13 1 3 1
12 1 1 2
8 3 0 3
15 3 3 3
2 2 0 1
2 3 3 0
5 1 0 3
8 3 3 3
13 3 2 2
12 2 3 3
2 1 1 0
2 1 2 1
2 2 1 2
12 0 2 2
8 2 3 2
13 2 3 3
12 3 1 2
2 0 3 3
8 0 0 0
15 0 2 0
6 0 3 1
8 1 3 1
13 2 1 2
2 3 3 0
2 2 0 3
8 1 0 1
15 1 3 1
7 1 3 3
8 3 3 3
13 3 2 2
2 1 2 0
2 2 1 3
2 2 2 1
6 1 3 1
8 1 2 1
13 1 2 2
12 2 0 1
2 0 1 2
2 1 2 3
2 2 3 0
11 0 3 2
8 2 3 2
8 2 1 2
13 1 2 1
2 1 0 0
2 2 3 2
12 0 2 0
8 0 3 0
8 0 1 0
13 1 0 1
12 1 1 0
2 3 0 1
8 0 0 2
15 2 0 2
0 1 2 3
8 3 3 3
13 0 3 0
12 0 1 3
2 2 0 2
2 1 1 0
12 0 2 1
8 1 2 1
13 1 3 3
2 0 0 1
2 3 1 0
2 1 2 2
0 0 2 1
8 1 2 1
8 1 2 1
13 3 1 3
12 3 3 2
2 2 0 3
2 2 3 0
2 1 0 1
4 0 3 3
8 3 3 3
13 2 3 2
8 0 0 3
15 3 3 3
2 3 1 1
1 0 1 1
8 1 3 1
13 1 2 2
12 2 0 1
2 2 2 2
2 1 0 0
2 0 3 3
14 3 2 3
8 3 3 3
8 3 1 3
13 3 1 1
12 1 2 3
2 3 0 0
8 2 0 1
15 1 2 1
5 1 0 1
8 1 1 1
13 1 3 3
12 3 2 1
8 1 0 3
15 3 0 3
14 3 2 2
8 2 1 2
13 1 2 1
12 1 2 3
2 3 1 1
2 1 3 0
2 2 0 2
12 0 2 0
8 0 1 0
13 0 3 3
12 3 1 0
2 1 0 3
15 3 1 1
8 1 3 1
13 1 0 0
12 0 1 2
2 2 3 0
8 3 0 3
15 3 2 3
2 3 3 1
4 0 3 3
8 3 2 3
13 2 3 2
2 1 2 1
2 1 0 0
2 2 2 3
10 1 3 1
8 1 2 1
13 1 2 2
12 2 3 1
2 2 0 2
2 0 0 3
12 0 2 2
8 2 3 2
13 2 1 1
12 1 3 3
2 2 3 2
2 0 0 1
2 3 1 0
1 2 0 2
8 2 1 2
13 2 3 3
12 3 3 1
2 1 0 0
2 1 0 3
2 0 1 2
8 0 2 2
8 2 1 2
8 2 3 2
13 2 1 1
12 1 1 2
2 3 1 3
2 2 2 1
2 2 1 0
7 3 0 3
8 3 3 3
13 3 2 2
12 2 2 1
2 3 3 3
2 0 1 2
0 3 2 2
8 2 2 2
13 2 1 1
12 1 0 2
2 3 2 1
2 1 0 0
2 2 0 3
15 0 1 1
8 1 3 1
8 1 1 1
13 2 1 2
2 2 3 0
2 2 0 1
8 0 0 3
15 3 0 3
6 0 3 1
8 1 2 1
13 1 2 2
2 0 1 1
2 1 0 3
11 0 3 0
8 0 3 0
8 0 2 0
13 0 2 2
12 2 0 0
